
----------------------------------------------- [START 2024-03-23 23:20:07] ---------------------------------------------------

** start training target model! **
--------|------------- VALID -------------|--- classifier ---|------ Current Best ------|--------------|
  iter  |   loss   top-1   HTER    AUC    |   loss   top-1   |   top-1   HTER    AUC    |    time      |
-------------------------------------------------------------------------------------------------------|
   1.0  |  0.581  31.250  69.048  100.000  |   0.813  55.250  |  31.250  69.048  100.000  |  0 hr 01 min   0.001
   2.0  |  0.411  56.250  43.651  100.000  |   0.737  60.375  |  56.250  43.651  100.000  |  0 hr 03 min   0.001
   3.0  |  0.261  56.250  43.651  100.000  |   0.694  62.833  |  56.250  43.651  100.000  |  0 hr 04 min   0.001

----------------------------------------------- [START 2024-03-23 23:26:16] ---------------------------------------------------

** start training target model! **
--------|------------- VALID -------------|--- classifier ---|------ Current Best ------|--------------|
  iter  |   loss   top-1   HTER    AUC    |   loss   top-1   |   top-1   HTER    AUC    |    time      |
-------------------------------------------------------------------------------------------------------|
   1.0  |  0.581  31.250  69.048  23.810  |   0.813  55.250  |  31.250  69.048  23.810  |  0 hr 01 min   0.001
   2.0  |  0.411  56.250  43.651  49.206  |   0.737  60.375  |  56.250  43.651  49.206  |  0 hr 03 min   0.001
   3.0  |  0.261  56.250  43.651  47.619  |   0.694  62.833  |  56.250  43.651  47.619  |  0 hr 04 min   0.001
   4.0  |  0.259  43.750  56.349  41.270  |   0.638  66.812  |  56.250  43.651  47.619  |  0 hr 06 min   0.001
   5.0  |  0.268  31.250  69.048  26.984  |   0.580  70.300  |  56.250  43.651  47.619  |  0 hr 07 min   0.001
   6.0  |  0.299  31.250  69.048  26.984  |   0.537  72.875  |  56.250  43.651  47.619  |  0 hr 09 min   0.001
   7.0  |  0.269  31.250  69.048  31.746  |   0.488  75.821  |  56.250  43.651  47.619  |  0 hr 10 min   0.001
   8.0  |  0.492  31.250  69.048  33.333  |   0.447  78.062  |  56.250  43.651  47.619  |  0 hr 12 min   0.001
   9.0  |  0.293  43.750  56.349  34.921  |   0.418  79.778  |  56.250  43.651  47.619  |  0 hr 13 min   0.001
  10.0  |  0.428  31.250  69.048  26.984  |   0.385  81.525  |  56.250  43.651  47.619  |  0 hr 15 min   0.001
  11.0  |  0.307  31.250  69.048  33.333  |   0.361  82.750  |  56.250  43.651  47.619  |  0 hr 16 min   0.001
  12.0  |  0.386  31.250  69.048  28.571  |   0.341  83.813  |  56.250  43.651  47.619  |  0 hr 18 min   0.001
  13.0  |  0.324  25.000  74.603  25.397  |   0.325  84.654  |  56.250  43.651  47.619  |  0 hr 19 min   0.001
  14.0  |  0.400  31.250  69.048  23.810  |   0.309  85.500  |  56.250  43.651  47.619  |  0 hr 21 min   0.001
  15.0  |  0.349  25.000  74.603  23.810  |   0.295  86.200  |  56.250  43.651  47.619  |  0 hr 22 min   0.001
  16.0  |  0.604  31.250  69.048  23.810  |   0.281  86.875  |  56.250  43.651  47.619  |  0 hr 24 min   0.001
  17.0  |  0.803  31.250  69.048  25.397  |   0.268  87.513  |  56.250  43.651  47.619  |  0 hr 25 min   0.001
  18.0  |  0.272  43.750  56.349  38.095  |   0.259  88.040  |  56.250  43.651  47.619  |  0 hr 27 min   0.001
  19.0  |  0.326  43.750  56.349  46.032  |   0.249  88.590  |  56.250  43.651  47.619  |  0 hr 28 min   0.001
  20.0  |  0.278  43.750  56.349  36.508  |   0.239  89.111  |  56.250  43.651  47.619  |  0 hr 30 min   0.001

----------------------------------------------- [START 2024-03-24 00:09:52] ---------------------------------------------------

** start training target model! **
--------|------------- VALID -------------|--- classifier ---|------ Current Best ------|--------------|
  iter  |   loss   top-1   HTER    AUC    |   loss   top-1   |   top-1   HTER    AUC    |    time      |
-------------------------------------------------------------------------------------------------------|
   1.0  |  0.581  31.250  69.048  23.810  |   0.813  55.250  |  31.250  69.048  23.810  |  0 hr 01 min   0.001
   2.0  |  0.411  56.250  43.651  49.206  |   0.737  60.375  |  56.250  43.651  49.206  |  0 hr 03 min   0.001
   3.0  |  0.261  56.250  43.651  47.619  |   0.694  62.833  |  56.250  43.651  47.619  |  0 hr 04 min   0.001
   4.0  |  0.259  43.750  56.349  41.270  |   0.638  66.812  |  56.250  43.651  47.619  |  0 hr 06 min   0.001
   5.0  |  0.268  31.250  69.048  26.984  |   0.580  70.300  |  56.250  43.651  47.619  |  0 hr 07 min   0.001
   6.0  |  0.299  31.250  69.048  26.984  |   0.537  72.875  |  56.250  43.651  47.619  |  0 hr 09 min   0.001
   7.0  |  0.269  31.250  69.048  31.746  |   0.488  75.821  |  56.250  43.651  47.619  |  0 hr 10 min   0.001
   8.0  |  0.492  31.250  69.048  33.333  |   0.447  78.062  |  56.250  43.651  47.619  |  0 hr 12 min   0.001
   9.0  |  0.293  43.750  56.349  34.921  |   0.418  79.778  |  56.250  43.651  47.619  |  0 hr 13 min   0.001
  10.0  |  0.428  31.250  69.048  26.984  |   0.385  81.525  |  56.250  43.651  47.619  |  0 hr 15 min   0.001
  11.0  |  0.307  31.250  69.048  33.333  |   0.361  82.750  |  56.250  43.651  47.619  |  0 hr 16 min   0.001
  12.0  |  0.386  31.250  69.048  28.571  |   0.341  83.813  |  56.250  43.651  47.619  |  0 hr 18 min   0.001
  13.0  |  0.324  25.000  74.603  25.397  |   0.325  84.654  |  56.250  43.651  47.619  |  0 hr 19 min   0.001
  14.0  |  0.400  31.250  69.048  23.810  |   0.309  85.500  |  56.250  43.651  47.619  |  0 hr 21 min   0.001
  15.0  |  0.349  25.000  74.603  23.810  |   0.295  86.200  |  56.250  43.651  47.619  |  0 hr 22 min   0.001
  16.0  |  0.604  31.250  69.048  23.810  |   0.281  86.875  |  56.250  43.651  47.619  |  0 hr 24 min   0.001
  17.0  |  0.803  31.250  69.048  25.397  |   0.268  87.513  |  56.250  43.651  47.619  |  0 hr 25 min   0.001
  18.0  |  0.272  43.750  56.349  38.095  |   0.259  88.040  |  56.250  43.651  47.619  |  0 hr 27 min   0.001
  19.0  |  0.326  43.750  56.349  46.032  |   0.249  88.590  |  56.250  43.651  47.619  |  0 hr 28 min   0.001
  20.0  |  0.278  43.750  56.349  36.508  |   0.239  89.111  |  56.250  43.651  47.619  |  0 hr 30 min   0.001
  21.0  |  0.241  43.750  56.349  38.095  |   0.230  89.558  |  56.250  43.651  47.619  |  0 hr 31 min   0.001
  22.0  |  0.143  68.750  30.952  68.254  |   0.224  89.907  |  68.750  30.952  68.254  |  0 hr 33 min   0.001
  23.0  |  0.247  31.250  69.048  31.746  |   0.217  90.248  |  68.750  30.952  68.254  |  0 hr 34 min   0.001
  24.0  |  0.178  43.750  56.349  33.333  |   0.211  90.571  |  68.750  30.952  68.254  |  0 hr 36 min   0.001
  25.0  |  0.575  31.250  69.048  30.159  |   0.205  90.849  |  68.750  30.952  68.254  |  0 hr 37 min   0.001
  26.0  |  0.122  43.750  56.349  38.095  |   0.200  91.143  |  68.750  30.952  68.254  |  0 hr 39 min   0.001
  27.0  |  0.175  31.250  69.048  34.921  |   0.195  91.406  |  68.750  30.952  68.254  |  0 hr 40 min   0.001
  28.0  |  0.278  31.250  69.048  20.635  |   0.191  91.651  |  68.750  30.952  68.254  |  0 hr 42 min   0.001
  29.0  |  1.239  56.250  43.651  42.857  |   0.186  91.913  |  68.750  30.952  68.254  |  0 hr 43 min   0.001
  30.0  |  0.351  56.250  43.651  38.095  |   0.181  92.165  |  68.750  30.952  68.254  |  0 hr 45 min   0.001
  31.0  |  0.286  25.000  74.603  20.635  |   0.177  92.362  |  68.750  30.952  68.254  |  0 hr 46 min   0.001
  32.0  |  0.316  43.750  56.349  41.270  |   0.174  92.554  |  68.750  30.952  68.254  |  0 hr 48 min   0.001
  33.0  |  0.811  56.250  43.651  55.556  |   0.171  92.703  |  68.750  30.952  68.254  |  0 hr 49 min   0.001
  34.0  |  0.251  43.750  56.349  39.683  |   0.167  92.896  |  68.750  30.952  68.254  |  0 hr 51 min   0.001
  35.0  |  0.324  43.750  56.349  30.159  |   0.163  93.085  |  68.750  30.952  68.254  |  0 hr 52 min   0.001
  36.0  |  0.210  43.750  56.349  26.984  |   0.159  93.277  |  68.750  30.952  68.254  |  0 hr 54 min   0.001
  37.0  |  0.262  31.250  69.048  23.810  |   0.156  93.425  |  68.750  30.952  68.254  |  0 hr 55 min   0.001
  38.0  |  0.685  56.250  43.651  58.730  |   0.153  93.558  |  68.750  30.952  68.254  |  0 hr 57 min   0.001
  39.0  |  0.210  31.250  69.048  28.571  |   0.151  93.679  |  68.750  30.952  68.254  |  0 hr 58 min   0.001
  40.0  |  0.287  43.750  56.349  33.333  |   0.148  93.824  |  68.750  30.952  68.254  |  1 hr 00 min   0.001
  41.0  |  0.323  31.250  69.048  34.921  |   0.145  93.963  |  68.750  30.952  68.254  |  1 hr 01 min   0.001
  42.0  |  0.419  31.250  69.048  30.159  |   0.143  94.094  |  68.750  30.952  68.254  |  1 hr 03 min   0.001
  43.0  |  0.179  56.250  43.651  50.794  |   0.140  94.220  |  68.750  30.952  68.254  |  1 hr 04 min   0.001
  44.0  |  0.270  31.250  69.048  25.397  |   0.138  94.334  |  68.750  30.952  68.254  |  1 hr 06 min   0.001
  45.0  |  0.477  31.250  69.048  20.635  |   0.135  94.455  |  68.750  30.952  68.254  |  1 hr 07 min   0.001
  46.0  |  0.189  43.750  56.349  34.921  |   0.134  94.548  |  68.750  30.952  68.254  |  1 hr 09 min   0.001
  47.0  |  0.180  31.250  69.048  28.571  |   0.132  94.659  |  68.750  30.952  68.254  |  1 hr 10 min   0.001
  48.0  |  1.168  31.250  69.048  39.683  |   0.130  94.749  |  68.750  30.952  68.254  |  1 hr 12 min   0.001
  49.0  |  0.447  43.750  56.349  39.683  |   0.128  94.851  |  68.750  30.952  68.254  |  1 hr 14 min   0.001
  50.0  |  0.160  56.250  43.651  49.206  |   0.126  94.944  |  68.750  30.952  68.254  |  1 hr 15 min   0.001
  51.0  |  0.153  56.250  43.651  47.619  |   0.124  95.034  |  68.750  30.952  68.254  |  1 hr 17 min   0.001
  52.0  |  0.173  56.250  43.651  50.794  |   0.122  95.124  |  68.750  30.952  68.254  |  1 hr 18 min   0.001
  53.0  |  0.934  43.750  56.349  41.270  |   0.120  95.197  |  68.750  30.952  68.254  |  1 hr 20 min   0.001
  54.0  |  0.158  43.750  56.349  34.921  |   0.119  95.286  |  68.750  30.952  68.254  |  1 hr 21 min   0.001
  55.0  |  0.168  43.750  56.349  34.921  |   0.117  95.358  |  68.750  30.952  68.254  |  1 hr 23 min   0.001
  56.0  |  0.118  56.250  43.651  52.381  |   0.115  95.423  |  68.750  30.952  68.254  |  1 hr 24 min   0.001
  57.0  |  0.580  56.250  43.651  49.206  |   0.114  95.491  |  68.750  30.952  68.254  |  1 hr 26 min   0.001
  58.0  |  0.155  43.750  56.349  49.206  |   0.113  95.551  |  68.750  30.952  68.254  |  1 hr 27 min   0.001
  59.0  |  0.168  43.750  56.349  47.619  |   0.111  95.622  |  68.750  30.952  68.254  |  1 hr 29 min   0.001
  60.0  |  0.148  31.250  69.048  34.921  |   0.110  95.666  |  68.750  30.952  68.254  |  1 hr 30 min   0.001
  61.0  |  0.139  43.750  56.349  49.206  |   0.109  95.737  |  68.750  30.952  68.254  |  1 hr 32 min   0.001
  62.0  |  0.098  56.250  43.651  50.794  |   0.108  95.802  |  68.750  30.952  68.254  |  1 hr 33 min   0.001
  63.0  |  0.107  43.750  56.349  46.032  |   0.106  95.865  |  68.750  30.952  68.254  |  1 hr 35 min   0.001
  64.0  |  0.166  43.750  56.349  39.683  |   0.105  95.921  |  68.750  30.952  68.254  |  1 hr 36 min   0.001
  65.0  |  0.473  43.750  56.349  50.794  |   0.104  95.980  |  68.750  30.952  68.254  |  1 hr 38 min   0.001
  66.0  |  0.140  56.250  43.651  58.730  |   0.102  96.037  |  68.750  30.952  68.254  |  1 hr 39 min   0.001
  67.0  |  0.183  56.250  43.651  44.444  |   0.101  96.093  |  68.750  30.952  68.254  |  1 hr 41 min   0.001
  68.0  |  0.141  56.250  43.651  44.444  |   0.100  96.150  |  68.750  30.952  68.254  |  1 hr 42 min   0.001
  69.0  |  0.184  56.250  43.651  46.032  |   0.099  96.199  |  68.750  30.952  68.254  |  1 hr 44 min   0.001
  70.0  |  0.116  43.750  56.349  42.857  |   0.098  96.242  |  68.750  30.952  68.254  |  1 hr 45 min   0.001
  71.0  |  0.121  43.750  56.349  47.619  |   0.097  96.295  |  68.750  30.952  68.254  |  1 hr 47 min   0.001
  72.0  |  0.159  43.750  56.349  33.333  |   0.096  96.340  |  68.750  30.952  68.254  |  1 hr 48 min   0.001
  73.0  |  0.251  43.750  56.349  44.444  |   0.095  96.383  |  68.750  30.952  68.254  |  1 hr 50 min   0.001
  74.0  |  0.145  56.250  43.651  69.841  |   0.094  96.432  |  68.750  30.952  68.254  |  1 hr 51 min   0.001
  75.0  |  0.180  43.750  56.349  49.206  |   0.093  96.480  |  68.750  30.952  68.254  |  1 hr 53 min   0.001
  76.0  |  0.206  43.750  56.349  39.683  |   0.093  96.519  |  68.750  30.952  68.254  |  1 hr 54 min   0.001
  77.0  |  0.246  56.250  43.651  65.079  |   0.092  96.558  |  68.750  30.952  68.254  |  1 hr 56 min   0.001
  78.0  |  0.191  31.250  69.048  31.746  |   0.091  96.592  |  68.750  30.952  68.254  |  1 hr 57 min   0.001
  79.0  |  0.175  43.750  56.349  36.508  |   0.091  96.632  |  68.750  30.952  68.254  |  1 hr 59 min   0.001
  80.0  |  0.110  56.250  43.651  55.556  |   0.090  96.668  |  68.750  30.952  68.254  |  2 hr 00 min   0.001
  81.0  |  0.247  31.250  69.048  34.921  |   0.089  96.709  |  68.750  30.952  68.254  |  2 hr 02 min   0.001
  82.0  |  0.488  25.000  74.603   6.349  |   0.089  96.743  |  68.750  30.952  68.254  |  2 hr 03 min   0.001
  83.0  |  0.218  43.750  56.349  41.270  |   0.088  96.780  |  68.750  30.952  68.254  |  2 hr 05 min   0.001
  84.0  |  0.119  31.250  69.048  39.683  |   0.088  96.812  |  68.750  30.952  68.254  |  2 hr 06 min   0.001
  85.0  |  0.198  31.250  69.048  44.444  |   0.087  96.844  |  68.750  30.952  68.254  |  2 hr 08 min   0.001
  86.0  |  0.304  56.250  43.651  55.556  |   0.086  96.877  |  68.750  30.952  68.254  |  2 hr 09 min   0.001
  87.0  |  0.318  56.250  43.651  52.381  |   0.086  96.911  |  68.750  30.952  68.254  |  2 hr 11 min   0.001
  88.0  |  0.215  31.250  69.048  30.159  |   0.085  96.937  |  68.750  30.952  68.254  |  2 hr 12 min   0.001
  89.0  |  0.195  56.250  43.651  46.032  |   0.085  96.972  |  68.750  30.952  68.254  |  2 hr 14 min   0.001
  90.0  |  0.315  31.250  69.048  28.571  |   0.084  97.000  |  68.750  30.952  68.254  |  2 hr 15 min   0.001
  91.0  |  0.215  31.250  69.048  28.571  |   0.083  97.033  |  68.750  30.952  68.254  |  2 hr 17 min   0.001
  92.0  |  0.100  56.250  43.651  55.556  |   0.083  97.054  |  68.750  30.952  68.254  |  2 hr 18 min   0.001
  93.0  |  0.229  56.250  43.651  53.968  |   0.082  97.075  |  68.750  30.952  68.254  |  2 hr 20 min   0.001
  94.0  |  0.241  43.750  56.349  34.921  |   0.082  97.103  |  68.750  30.952  68.254  |  2 hr 21 min   0.001
  95.0  |  0.259  31.250  69.048  25.397  |   0.082  97.121  |  68.750  30.952  68.254  |  2 hr 23 min   0.001
  96.0  |  0.450  25.000  74.603  22.222  |   0.081  97.145  |  68.750  30.952  68.254  |  2 hr 24 min   0.001
  97.0  |  0.108  68.750  30.952  73.016  |   0.081  97.170  |  68.750  30.952  73.016  |  2 hr 26 min   0.001
  98.0  |  0.213  43.750  56.349  34.921  |   0.080  97.191  |  68.750  30.952  73.016  |  2 hr 27 min   0.001
  99.0  |  0.313  31.250  69.048  26.984  |   0.080  97.214  |  68.750  30.952  73.016  |  2 hr 29 min   0.001
  100.0  |  0.354  31.250  69.048  25.397  |   0.079  97.240  |  68.750  30.952  73.016  |  2 hr 30 min   0.001
  101.0  |  0.087  43.750  56.349  41.270  |   0.079  97.264  |  68.750  30.952  73.016  |  2 hr 32 min   0.00010000000000000002
  102.0  |  0.060  56.250  43.651  50.794  |   0.078  97.289  |  68.750  30.952  73.016  |  2 hr 33 min   0.00010000000000000002
  103.0  |  0.057  56.250  43.651  50.794  |   0.077  97.313  |  68.750  30.952  73.016  |  2 hr 35 min   0.00010000000000000002
  104.0  |  0.062  56.250  43.651  50.794  |   0.077  97.331  |  68.750  30.952  73.016  |  2 hr 36 min   0.00010000000000000002
  105.0  |  0.119  43.750  56.349  42.857  |   0.077  97.354  |  68.750  30.952  73.016  |  2 hr 38 min   0.00010000000000000002
  106.0  |  0.121  56.250  43.651  44.444  |   0.076  97.377  |  68.750  30.952  73.016  |  2 hr 40 min   0.00010000000000000002
  107.0  |  0.102  56.250  43.651  42.857  |   0.075  97.402  |  68.750  30.952  73.016  |  2 hr 41 min   0.00010000000000000002
  108.0  |  0.072  56.250  43.651  46.032  |   0.075  97.421  |  68.750  30.952  73.016  |  2 hr 43 min   0.00010000000000000002
  109.0  |  0.064  56.250  43.651  46.032  |   0.074  97.445  |  68.750  30.952  73.016  |  2 hr 44 min   0.00010000000000000002
  110.0  |  0.070  56.250  43.651  46.032  |   0.074  97.468  |  68.750  30.952  73.016  |  2 hr 46 min   0.00010000000000000002
  111.0  |  0.062  56.250  43.651  53.968  |   0.073  97.486  |  68.750  30.952  73.016  |  2 hr 47 min   0.00010000000000000002
  112.0  |  0.054  56.250  43.651  53.968  |   0.073  97.509  |  68.750  30.952  73.016  |  2 hr 49 min   0.00010000000000000002
  113.0  |  0.051  56.250  43.651  49.206  |   0.072  97.531  |  68.750  30.952  73.016  |  2 hr 50 min   0.00010000000000000002
  114.0  |  0.060  56.250  43.651  46.032  |   0.072  97.548  |  68.750  30.952  73.016  |  2 hr 52 min   0.00010000000000000002
  115.0  |  0.050  56.250  43.651  50.794  |   0.071  97.567  |  68.750  30.952  73.016  |  2 hr 53 min   0.00010000000000000002
  116.0  |  0.055  56.250  43.651  46.032  |   0.071  97.588  |  68.750  30.952  73.016  |  2 hr 55 min   0.00010000000000000002
  117.0  |  0.055  56.250  43.651  41.270  |   0.070  97.609  |  68.750  30.952  73.016  |  2 hr 56 min   0.00010000000000000002
  118.0  |  0.057  56.250  43.651  42.857  |   0.070  97.629  |  68.750  30.952  73.016  |  2 hr 58 min   0.00010000000000000002
  119.0  |  0.045  56.250  43.651  42.857  |   0.070  97.647  |  68.750  30.952  73.016  |  2 hr 59 min   0.00010000000000000002
  120.0  |  0.040  56.250  43.651  46.032  |   0.069  97.664  |  68.750  30.952  73.016  |  3 hr 01 min   0.00010000000000000002
  121.0  |  0.042  56.250  43.651  47.619  |   0.069  97.684  |  68.750  30.952  73.016  |  3 hr 02 min   0.00010000000000000002
  122.0  |  0.035  56.250  43.651  47.619  |   0.068  97.701  |  68.750  30.952  73.016  |  3 hr 04 min   0.00010000000000000002
  123.0  |  0.082  56.250  43.651  47.619  |   0.068  97.719  |  68.750  30.952  73.016  |  3 hr 05 min   0.00010000000000000002
  124.0  |  0.088  56.250  43.651  46.032  |   0.067  97.736  |  68.750  30.952  73.016  |  3 hr 07 min   0.00010000000000000002
  125.0  |  0.042  56.250  43.651  44.444  |   0.067  97.754  |  68.750  30.952  73.016  |  3 hr 08 min   0.00010000000000000002
  126.0  |  0.036  56.250  43.651  46.032  |   0.066  97.770  |  68.750  30.952  73.016  |  3 hr 10 min   0.00010000000000000002
  127.0  |  0.034  56.250  43.651  50.794  |   0.066  97.787  |  68.750  30.952  73.016  |  3 hr 11 min   0.00010000000000000002
  128.0  |  0.113  43.750  56.349  46.032  |   0.066  97.802  |  68.750  30.952  73.016  |  3 hr 13 min   0.00010000000000000002
  129.0  |  0.080  43.750  56.349  44.444  |   0.065  97.818  |  68.750  30.952  73.016  |  3 hr 14 min   0.00010000000000000002
  130.0  |  0.056  56.250  43.651  47.619  |   0.065  97.832  |  68.750  30.952  73.016  |  3 hr 16 min   0.00010000000000000002
  131.0  |  0.052  56.250  43.651  46.032  |   0.064  97.849  |  68.750  30.952  73.016  |  3 hr 18 min   0.00010000000000000002
  132.0  |  0.053  56.250  43.651  42.857  |   0.064  97.865  |  68.750  30.952  73.016  |  3 hr 19 min   0.00010000000000000002
  133.0  |  0.108  43.750  56.349  41.270  |   0.064  97.881  |  68.750  30.952  73.016  |  3 hr 21 min   0.00010000000000000002
  134.0  |  0.087  43.750  56.349  39.683  |   0.063  97.895  |  68.750  30.952  73.016  |  3 hr 22 min   0.00010000000000000002
  135.0  |  0.060  56.250  43.651  46.032  |   0.063  97.909  |  68.750  30.952  73.016  |  3 hr 24 min   0.00010000000000000002
  136.0  |  0.047  56.250  43.651  47.619  |   0.063  97.924  |  68.750  30.952  73.016  |  3 hr 25 min   0.00010000000000000002
  137.0  |  0.080  56.250  43.651  50.794  |   0.062  97.940  |  68.750  30.952  73.016  |  3 hr 27 min   0.00010000000000000002
  138.0  |  0.119  56.250  43.651  46.032  |   0.062  97.954  |  68.750  30.952  73.016  |  3 hr 28 min   0.00010000000000000002
  139.0  |  0.087  56.250  43.651  41.270  |   0.061  97.969  |  68.750  30.952  73.016  |  3 hr 30 min   0.00010000000000000002
  140.0  |  0.095  56.250  43.651  41.270  |   0.061  97.984  |  68.750  30.952  73.016  |  3 hr 31 min   0.00010000000000000002
  141.0  |  0.122  56.250  43.651  46.032  |   0.061  97.996  |  68.750  30.952  73.016  |  3 hr 33 min   0.00010000000000000002
  142.0  |  0.128  56.250  43.651  44.444  |   0.060  98.010  |  68.750  30.952  73.016  |  3 hr 34 min   0.00010000000000000002
  143.0  |  0.111  43.750  56.349  41.270  |   0.060  98.024  |  68.750  30.952  73.016  |  3 hr 36 min   0.00010000000000000002
  144.0  |  0.097  56.250  43.651  42.857  |   0.060  98.038  |  68.750  30.952  73.016  |  3 hr 37 min   0.00010000000000000002
  145.0  |  0.068  56.250  43.651  41.270  |   0.059  98.050  |  68.750  30.952  73.016  |  3 hr 39 min   0.00010000000000000002
  146.0  |  0.049  56.250  43.651  44.444  |   0.059  98.060  |  68.750  30.952  73.016  |  3 hr 40 min   0.00010000000000000002
  147.0  |  0.042  56.250  43.651  47.619  |   0.059  98.073  |  68.750  30.952  73.016  |  3 hr 42 min   0.00010000000000000002
  148.0  |  0.094  56.250  43.651  46.032  |   0.059  98.081  |  68.750  30.952  73.016  |  3 hr 43 min   0.00010000000000000002
  149.0  |  0.115  56.250  43.651  42.857  |   0.058  98.094  |  68.750  30.952  73.016  |  3 hr 45 min   0.00010000000000000002
  150.0  |  0.090  56.250  43.651  42.857  |   0.058  98.106  |  68.750  30.952  73.016  |  3 hr 46 min   0.00010000000000000002
  151.0  |  0.107  43.750  56.349  39.683  |   0.058  98.119  |  68.750  30.952  73.016  |  3 hr 48 min   0.00010000000000000002
  152.0  |  0.086  56.250  43.651  44.444  |   0.057  98.128  |  68.750  30.952  73.016  |  3 hr 49 min   0.00010000000000000002
  153.0  |  0.067  56.250  43.651  41.270  |   0.057  98.140  |  68.750  30.952  73.016  |  3 hr 51 min   0.00010000000000000002
  154.0  |  0.050  56.250  43.651  41.270  |   0.057  98.152  |  68.750  30.952  73.016  |  3 hr 52 min   0.00010000000000000002
  155.0  |  0.053  56.250  43.651  42.857  |   0.056  98.164  |  68.750  30.952  73.016  |  3 hr 54 min   0.00010000000000000002
  156.0  |  0.063  56.250  43.651  41.270  |   0.056  98.176  |  68.750  30.952  73.016  |  3 hr 55 min   0.00010000000000000002
  157.0  |  0.084  56.250  43.651  41.270  |   0.056  98.187  |  68.750  30.952  73.016  |  3 hr 57 min   0.00010000000000000002
  158.0  |  0.118  56.250  43.651  41.270  |   0.055  98.199  |  68.750  30.952  73.016  |  3 hr 59 min   0.00010000000000000002
  159.0  |  0.079  56.250  43.651  38.095  |   0.055  98.210  |  68.750  30.952  73.016  |  4 hr 00 min   0.00010000000000000002
  160.0  |  0.045  56.250  43.651  39.683  |   0.055  98.220  |  68.750  30.952  73.016  |  4 hr 02 min   0.00010000000000000002
  161.0  |  0.062  56.250  43.651  44.444  |   0.055  98.231  |  68.750  30.952  73.016  |  4 hr 03 min   0.00010000000000000002
  162.0  |  0.096  56.250  43.651  49.206  |   0.054  98.240  |  68.750  30.952  73.016  |  4 hr 05 min   0.00010000000000000002
  163.0  |  0.070  56.250  43.651  42.857  |   0.054  98.251  |  68.750  30.952  73.016  |  4 hr 06 min   0.00010000000000000002
  164.0  |  0.084  56.250  43.651  42.857  |   0.054  98.262  |  68.750  30.952  73.016  |  4 hr 08 min   0.00010000000000000002
  165.0  |  0.081  56.250  43.651  44.444  |   0.054  98.272  |  68.750  30.952  73.016  |  4 hr 09 min   0.00010000000000000002
  166.0  |  0.077  56.250  43.651  44.444  |   0.053  98.283  |  68.750  30.952  73.016  |  4 hr 11 min   0.00010000000000000002
  167.0  |  0.094  56.250  43.651  44.444  |   0.053  98.293  |  68.750  30.952  73.016  |  4 hr 12 min   0.00010000000000000002
  168.0  |  0.097  56.250  43.651  42.857  |   0.053  98.303  |  68.750  30.952  73.016  |  4 hr 14 min   0.00010000000000000002
  169.0  |  0.067  43.750  56.349  41.270  |   0.053  98.310  |  68.750  30.952  73.016  |  4 hr 15 min   0.00010000000000000002
  170.0  |  0.070  56.250  43.651  49.206  |   0.052  98.320  |  68.750  30.952  73.016  |  4 hr 17 min   0.00010000000000000002
  171.0  |  0.098  56.250  43.651  49.206  |   0.052  98.330  |  68.750  30.952  73.016  |  4 hr 18 min   0.00010000000000000002
  172.0  |  0.131  56.250  43.651  49.206  |   0.052  98.340  |  68.750  30.952  73.016  |  4 hr 20 min   0.00010000000000000002
  173.0  |  0.197  56.250  43.651  44.444  |   0.051  98.349  |  68.750  30.952  73.016  |  4 hr 21 min   0.00010000000000000002
  174.0  |  0.169  56.250  43.651  44.444  |   0.051  98.357  |  68.750  30.952  73.016  |  4 hr 23 min   0.00010000000000000002
  175.0  |  0.160  56.250  43.651  41.270  |   0.051  98.365  |  68.750  30.952  73.016  |  4 hr 24 min   0.00010000000000000002
  176.0  |  0.155  56.250  43.651  39.683  |   0.051  98.373  |  68.750  30.952  73.016  |  4 hr 26 min   0.00010000000000000002
  177.0  |  0.134  56.250  43.651  41.270  |   0.051  98.381  |  68.750  30.952  73.016  |  4 hr 27 min   0.00010000000000000002
  178.0  |  0.114  56.250  43.651  41.270  |   0.050  98.389  |  68.750  30.952  73.016  |  4 hr 29 min   0.00010000000000000002
  179.0  |  0.147  43.750  56.349  38.095  |   0.050  98.396  |  68.750  30.952  73.016  |  4 hr 30 min   0.00010000000000000002
  180.0  |  0.115  43.750  56.349  39.683  |   0.050  98.405  |  68.750  30.952  73.016  |  4 hr 32 min   0.00010000000000000002
  181.0  |  0.093  56.250  43.651  39.683  |   0.050  98.414  |  68.750  30.952  73.016  |  4 hr 33 min   0.00010000000000000002
  182.0  |  0.133  43.750  56.349  39.683  |   0.050  98.423  |  68.750  30.952  73.016  |  4 hr 35 min   0.00010000000000000002
  183.0  |  0.079  56.250  43.651  39.683  |   0.049  98.431  |  68.750  30.952  73.016  |  4 hr 36 min   0.00010000000000000002
  184.0  |  0.077  56.250  43.651  41.270  |   0.049  98.440  |  68.750  30.952  73.016  |  4 hr 38 min   0.00010000000000000002
  185.0  |  0.057  56.250  43.651  39.683  |   0.049  98.448  |  68.750  30.952  73.016  |  4 hr 39 min   0.00010000000000000002
  186.0  |  0.039  56.250  43.651  41.270  |   0.049  98.457  |  68.750  30.952  73.016  |  4 hr 41 min   0.00010000000000000002
  187.0  |  0.040  56.250  43.651  41.270  |   0.048  98.465  |  68.750  30.952  73.016  |  4 hr 42 min   0.00010000000000000002
  188.0  |  0.081  56.250  43.651  42.857  |   0.048  98.473  |  68.750  30.952  73.016  |  4 hr 44 min   0.00010000000000000002
  189.0  |  0.145  43.750  56.349  38.095  |   0.048  98.481  |  68.750  30.952  73.016  |  4 hr 46 min   0.00010000000000000002
  190.0  |  0.134  43.750  56.349  41.270  |   0.048  98.489  |  68.750  30.952  73.016  |  4 hr 47 min   0.00010000000000000002
  191.0  |  0.095  56.250  43.651  46.032  |   0.048  98.497  |  68.750  30.952  73.016  |  4 hr 49 min   0.00010000000000000002
  192.0  |  0.106  56.250  43.651  46.032  |   0.047  98.505  |  68.750  30.952  73.016  |  4 hr 50 min   0.00010000000000000002
  193.0  |  0.190  56.250  43.651  46.032  |   0.047  98.513  |  68.750  30.952  73.016  |  4 hr 52 min   0.00010000000000000002
  194.0  |  0.284  43.750  56.349  39.683  |   0.047  98.520  |  68.750  30.952  73.016  |  4 hr 53 min   0.00010000000000000002
  195.0  |  0.296  43.750  56.349  31.746  |   0.047  98.528  |  68.750  30.952  73.016  |  4 hr 55 min   0.00010000000000000002
  196.0  |  0.231  43.750  56.349  31.746  |   0.047  98.534  |  68.750  30.952  73.016  |  4 hr 56 min   0.00010000000000000002
  197.0  |  0.147  43.750  56.349  38.095  |   0.046  98.541  |  68.750  30.952  73.016  |  4 hr 58 min   0.00010000000000000002
  198.0  |  0.187  56.250  43.651  33.333  |   0.046  98.549  |  68.750  30.952  73.016  |  4 hr 59 min   0.00010000000000000002
  199.0  |  0.191  56.250  43.651  38.095  |   0.046  98.556  |  68.750  30.952  73.016  |  5 hr 01 min   0.00010000000000000002
  200.0  |  0.138  56.250  43.651  41.270  |   0.046  98.563  |  68.750  30.952  73.016  |  5 hr 02 min   0.00010000000000000002

----------------------------------------------- [START 2024-03-24 09:04:00] ---------------------------------------------------

** start training target model! **
--------|------------- VALID -------------|--- classifier ---|------ Current Best ------|--------------|
  iter  |   loss   top-1   HTER    AUC    |   loss   top-1   |   top-1   HTER    AUC    |    time      |
-------------------------------------------------------------------------------------------------------|
   1.0  |  0.659  66.667  33.333  71.111  |   0.813  55.250  |  66.667  33.333  71.111  |  0 hr 01 min   0.001
   2.0  |  0.626  66.667  33.333  80.889  |   0.737  60.500  |  66.667  33.333  80.889  |  0 hr 03 min   0.001
   3.0  |  0.702  66.667  33.333  83.556  |   0.694  62.917  |  66.667  33.333  83.556  |  0 hr 04 min   0.001
   4.0  |  0.622  66.667  33.333  77.333  |   0.638  66.750  |  66.667  33.333  77.333  |  0 hr 06 min   0.001
   5.0  |  0.870  60.000  40.000  65.333  |   0.580  70.300  |  66.667  33.333  77.333  |  0 hr 07 min   0.001
   6.0  |  1.294  60.000  40.000  66.222  |   0.537  72.833  |  66.667  33.333  77.333  |  0 hr 09 min   0.001
   7.0  |  1.123  73.333  26.667  74.222  |   0.487  75.786  |  73.333  26.667  74.222  |  0 hr 11 min   0.001
   8.0  |  1.935  66.667  33.333  60.444  |   0.447  78.031  |  73.333  26.667  74.222  |  0 hr 13 min   0.001
   9.0  |  0.838  60.000  40.000  64.444  |   0.417  79.694  |  73.333  26.667  74.222  |  0 hr 14 min   0.001
  10.0  |  1.881  53.333  46.667  48.444  |   0.385  81.450  |  73.333  26.667  74.222  |  0 hr 16 min   0.001
  11.0  |  0.688  66.667  33.333  76.000  |   0.361  82.727  |  73.333  26.667  74.222  |  0 hr 17 min   0.001
  12.0  |  1.471  60.000  40.000  55.111  |   0.341  83.771  |  73.333  26.667  74.222  |  0 hr 19 min   0.001
  13.0  |  0.592  66.667  33.333  71.556  |   0.326  84.615  |  73.333  26.667  74.222  |  0 hr 20 min   0.001
  14.0  |  0.686  60.000  40.000  66.667  |   0.310  85.411  |  73.333  26.667  74.222  |  0 hr 22 min   0.001
  15.0  |  0.653  66.667  33.333  70.222  |   0.296  86.100  |  73.333  26.667  74.222  |  0 hr 24 min   0.001
  16.0  |  0.562  66.667  33.333  72.000  |   0.282  86.844  |  73.333  26.667  74.222  |  0 hr 25 min   0.001
  17.0  |  0.706  66.667  33.333  69.778  |   0.269  87.498  |  73.333  26.667  74.222  |  0 hr 27 min   0.001
  18.0  |  1.147  66.667  33.333  61.333  |   0.259  88.026  |  73.333  26.667  74.222  |  0 hr 28 min   0.001
  19.0  |  0.535  73.333  26.667  78.667  |   0.249  88.551  |  73.333  26.667  78.667  |  0 hr 30 min   0.001
  20.0  |  0.625  73.333  26.667  79.111  |   0.239  89.073  |  73.333  26.667  79.111  |  0 hr 31 min   0.001
  21.0  |  0.718  73.333  26.667  79.556  |   0.230  89.486  |  73.333  26.667  79.556  |  0 hr 33 min   0.001
  22.0  |  0.822  66.667  33.333  80.000  |   0.223  89.851  |  73.333  26.667  79.556  |  0 hr 34 min   0.001
  23.0  |  1.023  73.333  26.667  76.000  |   0.217  90.205  |  73.333  26.667  76.000  |  0 hr 36 min   0.001
  24.0  |  0.571  80.000  20.000  83.556  |   0.211  90.519  |  80.000  20.000  83.556  |  0 hr 37 min   0.001
  25.0  |  0.684  73.333  26.667  81.778  |   0.206  90.809  |  80.000  20.000  83.556  |  0 hr 39 min   0.001
  26.0  |  0.826  80.000  20.000  84.889  |   0.201  91.124  |  80.000  20.000  84.889  |  0 hr 40 min   0.001
  27.0  |  1.353  73.333  26.667  74.667  |   0.196  91.415  |  80.000  20.000  84.889  |  0 hr 42 min   0.001
  28.0  |  1.069  66.667  33.333  69.778  |   0.191  91.668  |  80.000  20.000  84.889  |  0 hr 43 min   0.001
  29.0  |  0.629  66.667  33.333  79.556  |   0.186  91.913  |  80.000  20.000  84.889  |  0 hr 45 min   0.001
  30.0  |  0.484  73.333  26.667  85.333  |   0.182  92.124  |  80.000  20.000  84.889  |  0 hr 47 min   0.001
  31.0  |  0.607  66.667  33.333  75.556  |   0.178  92.329  |  80.000  20.000  84.889  |  0 hr 48 min   0.001
  32.0  |  0.756  73.333  26.667  80.889  |   0.175  92.530  |  80.000  20.000  84.889  |  0 hr 50 min   0.001
  33.0  |  0.798  73.333  26.667  82.667  |   0.172  92.711  |  80.000  20.000  84.889  |  0 hr 51 min   0.001
  34.0  |  0.798  66.667  33.333  72.000  |   0.168  92.903  |  80.000  20.000  84.889  |  0 hr 53 min   0.001
  35.0  |  0.750  73.333  26.667  71.111  |   0.164  93.099  |  80.000  20.000  84.889  |  0 hr 54 min   0.001
  36.0  |  0.603  80.000  20.000  80.444  |   0.161  93.263  |  80.000  20.000  80.444  |  0 hr 56 min   0.001
  37.0  |  0.753  73.333  26.667  75.556  |   0.157  93.425  |  80.000  20.000  80.444  |  0 hr 57 min   0.001
  38.0  |  0.460  80.000  20.000  89.778  |   0.155  93.571  |  80.000  20.000  89.778  |  0 hr 59 min   0.001
  39.0  |  0.786  80.000  20.000  83.556  |   0.152  93.698  |  80.000  20.000  83.556  |  1 hr 00 min   0.001
  40.0  |  0.636  73.333  26.667  80.444  |   0.150  93.830  |  80.000  20.000  83.556  |  1 hr 02 min   0.001
  41.0  |  0.520  80.000  20.000  83.111  |   0.147  93.950  |  80.000  20.000  83.111  |  1 hr 03 min   0.001
  42.0  |  0.544  80.000  20.000  81.778  |   0.145  94.077  |  80.000  20.000  81.778  |  1 hr 05 min   0.001
  43.0  |  0.607  66.667  33.333  82.222  |   0.142  94.203  |  80.000  20.000  81.778  |  1 hr 06 min   0.001
  44.0  |  0.890  80.000  20.000  83.556  |   0.140  94.312  |  80.000  20.000  83.556  |  1 hr 08 min   0.001
  45.0  |  0.735  73.333  26.667  80.444  |   0.137  94.433  |  80.000  20.000  83.556  |  1 hr 09 min   0.001
  46.0  |  0.947  73.333  26.667  80.889  |   0.136  94.521  |  80.000  20.000  83.556  |  1 hr 11 min   0.001
  47.0  |  0.906  66.667  33.333  68.444  |   0.134  94.627  |  80.000  20.000  83.556  |  1 hr 12 min   0.001
  48.0  |  1.014  73.333  26.667  83.556  |   0.132  94.713  |  80.000  20.000  83.556  |  1 hr 14 min   0.001
  49.0  |  0.424  80.000  20.000  88.000  |   0.130  94.810  |  80.000  20.000  88.000  |  1 hr 15 min   0.001
  50.0  |  0.882  86.667  13.333  95.556  |   0.128  94.899  |  86.667  13.333  95.556  |  1 hr 17 min   0.001
  51.0  |  0.873  73.333  26.667  84.000  |   0.126  94.989  |  86.667  13.333  95.556  |  1 hr 18 min   0.001
  52.0  |  0.676  80.000  20.000  80.000  |   0.124  95.076  |  86.667  13.333  95.556  |  1 hr 20 min   0.001
  53.0  |  0.535  80.000  20.000  83.556  |   0.122  95.155  |  86.667  13.333  95.556  |  1 hr 22 min   0.001
  54.0  |  0.550  73.333  26.667  81.333  |   0.120  95.235  |  86.667  13.333  95.556  |  1 hr 23 min   0.001
  55.0  |  0.723  80.000  20.000  80.000  |   0.118  95.313  |  86.667  13.333  95.556  |  1 hr 25 min   0.001
  56.0  |  0.481  86.667  13.333  90.222  |   0.117  95.383  |  86.667  13.333  90.222  |  1 hr 26 min   0.001
  57.0  |  0.460  86.667  13.333  84.444  |   0.115  95.460  |  86.667  13.333  84.444  |  1 hr 28 min   0.001
  58.0  |  0.537  80.000  20.000  82.667  |   0.114  95.525  |  86.667  13.333  84.444  |  1 hr 30 min   0.001
  59.0  |  0.647  73.333  26.667  78.222  |   0.112  95.593  |  86.667  13.333  84.444  |  1 hr 31 min   0.001
  60.0  |  0.552  73.333  26.667  81.778  |   0.111  95.645  |  86.667  13.333  84.444  |  1 hr 33 min   0.001
  61.0  |  0.485  80.000  20.000  89.778  |   0.110  95.717  |  86.667  13.333  84.444  |  1 hr 35 min   0.001
  62.0  |  0.792  80.000  20.000  84.444  |   0.108  95.774  |  86.667  13.333  84.444  |  1 hr 36 min   0.001
  63.0  |  0.737  73.333  26.667  78.667  |   0.107  95.829  |  86.667  13.333  84.444  |  1 hr 38 min   0.001
  64.0  |  0.603  80.000  20.000  81.778  |   0.106  95.886  |  86.667  13.333  84.444  |  1 hr 39 min   0.001
  65.0  |  0.559  66.667  33.333  84.889  |   0.105  95.938  |  86.667  13.333  84.444  |  1 hr 41 min   0.001
  66.0  |  0.670  73.333  26.667  85.333  |   0.104  95.992  |  86.667  13.333  84.444  |  1 hr 42 min   0.001
  67.0  |  1.012  80.000  20.000  77.333  |   0.102  96.044  |  86.667  13.333  84.444  |  1 hr 44 min   0.001
  68.0  |  0.637  80.000  20.000  80.889  |   0.101  96.102  |  86.667  13.333  84.444  |  1 hr 45 min   0.001
  69.0  |  0.593  80.000  20.000  82.667  |   0.100  96.152  |  86.667  13.333  84.444  |  1 hr 47 min   0.001
  70.0  |  0.631  73.333  26.667  76.889  |   0.099  96.196  |  86.667  13.333  84.444  |  1 hr 48 min   0.001
  71.0  |  0.740  66.667  33.333  70.667  |   0.098  96.249  |  86.667  13.333  84.444  |  1 hr 50 min   0.001
  72.0  |  1.093  73.333  26.667  68.889  |   0.097  96.295  |  86.667  13.333  84.444  |  1 hr 51 min   0.001
  73.0  |  0.626  73.333  26.667  81.778  |   0.096  96.339  |  86.667  13.333  84.444  |  1 hr 53 min   0.001
  74.0  |  0.525  86.667  13.333  93.778  |   0.095  96.385  |  86.667  13.333  93.778  |  1 hr 54 min   0.001
  75.0  |  0.477  86.667  13.333  90.667  |   0.094  96.426  |  86.667  13.333  90.667  |  1 hr 56 min   0.001
  76.0  |  0.590  80.000  20.000  88.444  |   0.093  96.467  |  86.667  13.333  90.667  |  1 hr 57 min   0.001
  77.0  |  0.667  66.667  33.333  83.111  |   0.092  96.506  |  86.667  13.333  90.667  |  1 hr 59 min   0.001
  78.0  |  0.679  80.000  20.000  90.667  |   0.092  96.541  |  86.667  13.333  90.667  |  2 hr 01 min   0.001
  79.0  |  0.844  80.000  20.000  82.222  |   0.091  96.585  |  86.667  13.333  90.667  |  2 hr 02 min   0.001
  80.0  |  0.830  73.333  26.667  82.667  |   0.090  96.621  |  86.667  13.333  90.667  |  2 hr 04 min   0.001
  81.0  |  0.752  66.667  33.333  74.222  |   0.089  96.663  |  86.667  13.333  90.667  |  2 hr 05 min   0.001
  82.0  |  0.950  66.667  33.333  61.778  |   0.089  96.701  |  86.667  13.333  90.667  |  2 hr 07 min   0.001
  83.0  |  0.496  86.667  13.333  84.444  |   0.088  96.735  |  86.667  13.333  84.444  |  2 hr 08 min   0.001
  84.0  |  0.688  80.000  20.000  88.000  |   0.087  96.764  |  86.667  13.333  84.444  |  2 hr 10 min   0.001
  85.0  |  0.731  80.000  20.000  89.778  |   0.087  96.800  |  86.667  13.333  84.444  |  2 hr 11 min   0.001
  86.0  |  0.562  86.667  13.333  90.222  |   0.086  96.828  |  86.667  13.333  90.222  |  2 hr 13 min   0.001
  87.0  |  0.477  93.333   6.667  95.556  |   0.086  96.865  |  93.333   6.667  95.556  |  2 hr 15 min   0.001
  88.0  |  0.896  86.667  13.333  92.889  |   0.085  96.897  |  93.333   6.667  95.556  |  2 hr 16 min   0.001
  89.0  |  0.937  80.000  20.000  82.222  |   0.085  96.932  |  93.333   6.667  95.556  |  2 hr 18 min   0.001
  90.0  |  0.513  86.667  13.333  85.778  |   0.084  96.966  |  93.333   6.667  95.556  |  2 hr 20 min   0.001
  91.0  |  0.685  80.000  20.000  86.667  |   0.084  96.997  |  93.333   6.667  95.556  |  2 hr 21 min   0.001
  92.0  |  0.717  73.333  26.667  80.000  |   0.083  97.024  |  93.333   6.667  95.556  |  2 hr 23 min   0.001
  93.0  |  0.635  86.667  13.333  88.889  |   0.083  97.053  |  93.333   6.667  95.556  |  2 hr 24 min   0.001
  94.0  |  0.742  86.667  13.333  94.222  |   0.082  97.082  |  93.333   6.667  95.556  |  2 hr 26 min   0.001
  95.0  |  1.186  80.000  20.000  89.333  |   0.082  97.102  |  93.333   6.667  95.556  |  2 hr 27 min   0.001
  96.0  |  0.566  86.667  13.333  92.000  |   0.082  97.125  |  93.333   6.667  95.556  |  2 hr 29 min   0.001
  97.0  |  0.327  93.333   6.667  97.778  |   0.081  97.152  |  93.333   6.667  97.778  |  2 hr 30 min   0.001
  98.0  |  0.608  80.000  20.000  89.333  |   0.080  97.178  |  93.333   6.667  97.778  |  2 hr 32 min   0.001
  99.0  |  0.883  80.000  20.000  79.556  |   0.080  97.199  |  93.333   6.667  97.778  |  2 hr 33 min   0.001
  100.0  |  0.498  86.667  13.333  94.222  |   0.080  97.225  |  93.333   6.667  97.778  |  2 hr 35 min   0.001
  101.0  |  0.479  93.333   6.667  96.889  |   0.079  97.242  |  93.333   6.667  96.889  |  2 hr 37 min   0.00010000000000000002
  102.0  |  0.426  93.333   6.667  96.889  |   0.079  97.264  |  93.333   6.667  96.889  |  2 hr 38 min   0.00010000000000000002
  103.0  |  0.479  93.333   6.667  96.889  |   0.078  97.288  |  93.333   6.667  96.889  |  2 hr 40 min   0.00010000000000000002
  104.0  |  0.543  93.333   6.667  96.889  |   0.078  97.310  |  93.333   6.667  96.889  |  2 hr 41 min   0.00010000000000000002
  105.0  |  0.605  93.333   6.667  96.444  |   0.077  97.335  |  93.333   6.667  96.444  |  2 hr 43 min   0.00010000000000000002
  106.0  |  0.573  86.667  13.333  93.333  |   0.077  97.358  |  93.333   6.667  96.444  |  2 hr 44 min   0.00010000000000000002
  107.0  |  0.537  86.667  13.333  92.444  |   0.077  97.383  |  93.333   6.667  96.444  |  2 hr 46 min   0.00010000000000000002
  108.0  |  0.560  86.667  13.333  95.111  |   0.076  97.405  |  93.333   6.667  96.444  |  2 hr 48 min   0.00010000000000000002
  109.0  |  0.634  93.333   6.667  95.556  |   0.076  97.429  |  93.333   6.667  95.556  |  2 hr 49 min   0.00010000000000000002
  110.0  |  0.699  86.667  13.333  94.222  |   0.075  97.450  |  93.333   6.667  95.556  |  2 hr 51 min   0.00010000000000000002
  111.0  |  0.605  93.333   6.667  96.000  |   0.075  97.470  |  93.333   6.667  96.000  |  2 hr 52 min   0.00010000000000000002
  112.0  |  0.509  93.333   6.667  96.000  |   0.074  97.491  |  93.333   6.667  96.000  |  2 hr 54 min   0.00010000000000000002
  113.0  |  0.484  93.333   6.667  96.889  |   0.074  97.513  |  93.333   6.667  96.889  |  2 hr 55 min   0.00010000000000000002
  114.0  |  0.514  93.333   6.667  96.444  |   0.074  97.533  |  93.333   6.667  96.444  |  2 hr 57 min   0.00010000000000000002
  115.0  |  0.627  93.333   6.667  96.889  |   0.073  97.549  |  93.333   6.667  96.889  |  2 hr 58 min   0.00010000000000000002
  116.0  |  0.668  93.333   6.667  96.889  |   0.073  97.568  |  93.333   6.667  96.889  |  3 hr 00 min   0.00010000000000000002
  117.0  |  0.592  93.333   6.667  96.889  |   0.072  97.589  |  93.333   6.667  96.889  |  3 hr 01 min   0.00010000000000000002
  118.0  |  0.594  93.333   6.667  97.333  |   0.072  97.610  |  93.333   6.667  97.333  |  3 hr 03 min   0.00010000000000000002
  119.0  |  0.650  93.333   6.667  97.333  |   0.071  97.628  |  93.333   6.667  97.333  |  3 hr 04 min   0.00010000000000000002
  120.0  |  0.525  93.333   6.667  96.889  |   0.071  97.647  |  93.333   6.667  96.889  |  3 hr 06 min   0.00010000000000000002
  121.0  |  0.463  93.333   6.667  96.889  |   0.071  97.667  |  93.333   6.667  96.889  |  3 hr 07 min   0.00010000000000000002
  122.0  |  0.421  93.333   6.667  96.889  |   0.070  97.686  |  93.333   6.667  96.889  |  3 hr 09 min   0.00010000000000000002
  123.0  |  0.649  93.333   6.667  96.444  |   0.070  97.705  |  93.333   6.667  96.444  |  3 hr 10 min   0.00010000000000000002
  124.0  |  0.677  86.667  13.333  95.111  |   0.069  97.721  |  93.333   6.667  96.444  |  3 hr 12 min   0.00010000000000000002
  125.0  |  0.541  93.333   6.667  96.000  |   0.069  97.735  |  93.333   6.667  96.000  |  3 hr 13 min   0.00010000000000000002
  126.0  |  0.653  86.667  13.333  96.000  |   0.069  97.751  |  93.333   6.667  96.000  |  3 hr 15 min   0.00010000000000000002
  127.0  |  0.634  93.333   6.667  96.889  |   0.068  97.769  |  93.333   6.667  96.889  |  3 hr 16 min   0.00010000000000000002
  128.0  |  0.657  80.000  20.000  93.333  |   0.068  97.787  |  93.333   6.667  96.889  |  3 hr 18 min   0.00010000000000000002
  129.0  |  0.509  80.000  20.000  92.889  |   0.068  97.802  |  93.333   6.667  96.889  |  3 hr 20 min   0.00010000000000000002
  130.0  |  0.442  86.667  13.333  94.667  |   0.067  97.817  |  93.333   6.667  96.889  |  3 hr 21 min   0.00010000000000000002
  131.0  |  0.413  93.333   6.667  96.889  |   0.067  97.833  |  93.333   6.667  96.889  |  3 hr 23 min   0.00010000000000000002
  132.0  |  0.488  93.333   6.667  96.889  |   0.067  97.850  |  93.333   6.667  96.889  |  3 hr 24 min   0.00010000000000000002
  133.0  |  0.626  86.667  13.333  95.556  |   0.066  97.866  |  93.333   6.667  96.889  |  3 hr 26 min   0.00010000000000000002
  134.0  |  0.660  86.667  13.333  94.222  |   0.066  97.882  |  93.333   6.667  96.889  |  3 hr 27 min   0.00010000000000000002
  135.0  |  0.662  86.667  13.333  94.667  |   0.066  97.896  |  93.333   6.667  96.889  |  3 hr 29 min   0.00010000000000000002
  136.0  |  0.591  86.667  13.333  95.556  |   0.065  97.911  |  93.333   6.667  96.889  |  3 hr 30 min   0.00010000000000000002
  137.0  |  0.622  93.333   6.667  95.556  |   0.065  97.926  |  93.333   6.667  95.556  |  3 hr 32 min   0.00010000000000000002
  138.0  |  0.688  93.333   6.667  95.556  |   0.065  97.942  |  93.333   6.667  95.556  |  3 hr 33 min   0.00010000000000000002
  139.0  |  0.649  93.333   6.667  96.000  |   0.064  97.955  |  93.333   6.667  96.000  |  3 hr 35 min   0.00010000000000000002
  140.0  |  0.705  86.667  13.333  96.000  |   0.064  97.969  |  93.333   6.667  96.000  |  3 hr 36 min   0.00010000000000000002
  141.0  |  0.789  93.333   6.667  96.444  |   0.064  97.982  |  93.333   6.667  96.444  |  3 hr 38 min   0.00010000000000000002
  142.0  |  0.800  80.000  20.000  89.778  |   0.063  97.994  |  93.333   6.667  96.444  |  3 hr 39 min   0.00010000000000000002
  143.0  |  0.654  80.000  20.000  90.222  |   0.063  98.008  |  93.333   6.667  96.444  |  3 hr 41 min   0.00010000000000000002
  144.0  |  0.623  80.000  20.000  89.778  |   0.063  98.022  |  93.333   6.667  96.444  |  3 hr 42 min   0.00010000000000000002
  145.0  |  0.694  80.000  20.000  89.778  |   0.063  98.034  |  93.333   6.667  96.444  |  3 hr 44 min   0.00010000000000000002
  146.0  |  0.811  80.000  20.000  91.556  |   0.062  98.046  |  93.333   6.667  96.444  |  3 hr 46 min   0.00010000000000000002
  147.0  |  0.680  80.000  20.000  92.889  |   0.062  98.059  |  93.333   6.667  96.444  |  3 hr 47 min   0.00010000000000000002
  148.0  |  0.635  80.000  20.000  91.111  |   0.062  98.069  |  93.333   6.667  96.444  |  3 hr 49 min   0.00010000000000000002
  149.0  |  0.604  80.000  20.000  91.111  |   0.061  98.082  |  93.333   6.667  96.444  |  3 hr 50 min   0.00010000000000000002
  150.0  |  0.690  86.667  13.333  93.778  |   0.061  98.094  |  93.333   6.667  96.444  |  3 hr 52 min   0.00010000000000000002
  151.0  |  0.689  80.000  20.000  92.000  |   0.061  98.107  |  93.333   6.667  96.444  |  3 hr 54 min   0.00010000000000000002
  152.0  |  0.673  80.000  20.000  90.667  |   0.061  98.116  |  93.333   6.667  96.444  |  3 hr 55 min   0.00010000000000000002
  153.0  |  0.645  80.000  20.000  90.667  |   0.060  98.128  |  93.333   6.667  96.444  |  3 hr 57 min   0.00010000000000000002
  154.0  |  0.832  93.333   6.667  96.889  |   0.060  98.139  |  93.333   6.667  96.889  |  3 hr 58 min   0.00010000000000000002
  155.0  |  0.733  93.333   6.667  96.889  |   0.060  98.151  |  93.333   6.667  96.889  |  4 hr 00 min   0.00010000000000000002
  156.0  |  0.647  80.000  20.000  92.889  |   0.059  98.163  |  93.333   6.667  96.889  |  4 hr 01 min   0.00010000000000000002
  157.0  |  0.593  80.000  20.000  88.444  |   0.059  98.175  |  93.333   6.667  96.889  |  4 hr 03 min   0.00010000000000000002
  158.0  |  0.657  80.000  20.000  88.444  |   0.059  98.186  |  93.333   6.667  96.889  |  4 hr 04 min   0.00010000000000000002
  159.0  |  0.571  86.667  13.333  91.556  |   0.059  98.197  |  93.333   6.667  96.889  |  4 hr 06 min   0.00010000000000000002
  160.0  |  0.521  86.667  13.333  94.667  |   0.058  98.207  |  93.333   6.667  96.889  |  4 hr 07 min   0.00010000000000000002
  161.0  |  0.726  86.667  13.333  94.667  |   0.058  98.218  |  93.333   6.667  96.889  |  4 hr 09 min   0.00010000000000000002
  162.0  |  0.747  86.667  13.333  92.444  |   0.058  98.229  |  93.333   6.667  96.889  |  4 hr 11 min   0.00010000000000000002
  163.0  |  0.589  86.667  13.333  94.222  |   0.058  98.240  |  93.333   6.667  96.889  |  4 hr 13 min   0.00010000000000000002
  164.0  |  0.603  86.667  13.333  93.333  |   0.057  98.251  |  93.333   6.667  96.889  |  4 hr 15 min   0.00010000000000000002
  165.0  |  0.651  86.667  13.333  93.778  |   0.057  98.262  |  93.333   6.667  96.889  |  4 hr 16 min   0.00010000000000000002
  166.0  |  0.665  86.667  13.333  94.222  |   0.057  98.272  |  93.333   6.667  96.889  |  4 hr 18 min   0.00010000000000000002
  167.0  |  0.692  86.667  13.333  90.667  |   0.057  98.282  |  93.333   6.667  96.889  |  4 hr 19 min   0.00010000000000000002
  168.0  |  0.653  80.000  20.000  88.889  |   0.056  98.293  |  93.333   6.667  96.889  |  4 hr 21 min   0.00010000000000000002
  169.0  |  0.633  86.667  13.333  91.111  |   0.056  98.301  |  93.333   6.667  96.889  |  4 hr 23 min   0.00010000000000000002
  170.0  |  0.759  86.667  13.333  94.667  |   0.056  98.311  |  93.333   6.667  96.889  |  4 hr 24 min   0.00010000000000000002
  171.0  |  0.916  86.667  13.333  96.000  |   0.056  98.321  |  93.333   6.667  96.889  |  4 hr 26 min   0.00010000000000000002
  172.0  |  0.971  86.667  13.333  96.000  |   0.056  98.331  |  93.333   6.667  96.889  |  4 hr 27 min   0.00010000000000000002
  173.0  |  0.982  86.667  13.333  93.778  |   0.055  98.340  |  93.333   6.667  96.889  |  4 hr 29 min   0.00010000000000000002
  174.0  |  0.851  80.000  20.000  92.889  |   0.055  98.349  |  93.333   6.667  96.889  |  4 hr 30 min   0.00010000000000000002
  175.0  |  0.748  80.000  20.000  88.889  |   0.055  98.357  |  93.333   6.667  96.889  |  4 hr 32 min   0.00010000000000000002
  176.0  |  0.667  80.000  20.000  88.000  |   0.055  98.364  |  93.333   6.667  96.889  |  4 hr 34 min   0.00010000000000000002
  177.0  |  0.681  86.667  13.333  91.556  |   0.055  98.374  |  93.333   6.667  96.889  |  4 hr 35 min   0.00010000000000000002
  178.0  |  0.738  86.667  13.333  94.222  |   0.054  98.383  |  93.333   6.667  96.889  |  4 hr 37 min   0.00010000000000000002
  179.0  |  0.745  86.667  13.333  91.556  |   0.054  98.391  |  93.333   6.667  96.889  |  4 hr 39 min   0.00010000000000000002
  180.0  |  0.687  86.667  13.333  91.556  |   0.054  98.399  |  93.333   6.667  96.889  |  4 hr 40 min   0.00010000000000000002
  181.0  |  0.720  80.000  20.000  89.778  |   0.054  98.408  |  93.333   6.667  96.889  |  4 hr 42 min   0.00010000000000000002
  182.0  |  0.662  80.000  20.000  89.778  |   0.054  98.416  |  93.333   6.667  96.889  |  4 hr 43 min   0.00010000000000000002
  183.0  |  0.617  80.000  20.000  92.000  |   0.053  98.424  |  93.333   6.667  96.889  |  4 hr 45 min   0.00010000000000000002
  184.0  |  0.703  80.000  20.000  93.333  |   0.053  98.433  |  93.333   6.667  96.889  |  4 hr 46 min   0.00010000000000000002
  185.0  |  0.741  86.667  13.333  92.889  |   0.053  98.440  |  93.333   6.667  96.889  |  4 hr 48 min   0.00010000000000000002
  186.0  |  0.697  86.667  13.333  92.444  |   0.053  98.448  |  93.333   6.667  96.889  |  4 hr 49 min   0.00010000000000000002
  187.0  |  0.611  86.667  13.333  91.556  |   0.053  98.457  |  93.333   6.667  96.889  |  4 hr 51 min   0.00010000000000000002
  188.0  |  0.636  80.000  20.000  89.778  |   0.052  98.465  |  93.333   6.667  96.889  |  4 hr 52 min   0.00010000000000000002
  189.0  |  0.670  80.000  20.000  90.667  |   0.052  98.473  |  93.333   6.667  96.889  |  4 hr 54 min   0.00010000000000000002
  190.0  |  0.723  80.000  20.000  92.889  |   0.052  98.481  |  93.333   6.667  96.889  |  4 hr 55 min   0.00010000000000000002
  191.0  |  0.742  86.667  13.333  94.222  |   0.052  98.489  |  93.333   6.667  96.889  |  4 hr 57 min   0.00010000000000000002
  192.0  |  0.766  86.667  13.333  94.667  |   0.052  98.497  |  93.333   6.667  96.889  |  4 hr 58 min   0.00010000000000000002
  193.0  |  0.965  86.667  13.333  95.111  |   0.051  98.505  |  93.333   6.667  96.889  |  5 hr 00 min   0.00010000000000000002
  194.0  |  1.165  86.667  13.333  92.889  |   0.051  98.512  |  93.333   6.667  96.889  |  5 hr 01 min   0.00010000000000000002
  195.0  |  1.170  86.667  13.333  92.000  |   0.051  98.519  |  93.333   6.667  96.889  |  5 hr 03 min   0.00010000000000000002
  196.0  |  1.027  86.667  13.333  94.222  |   0.051  98.526  |  93.333   6.667  96.889  |  5 hr 04 min   0.00010000000000000002
  197.0  |  0.804  93.333   6.667  96.000  |   0.051  98.532  |  93.333   6.667  96.000  |  5 hr 06 min   0.00010000000000000002
  198.0  |  0.822  93.333   6.667  96.444  |   0.051  98.540  |  93.333   6.667  96.444  |  5 hr 07 min   0.00010000000000000002
  199.0  |  0.872  93.333   6.667  96.444  |   0.050  98.547  |  93.333   6.667  96.444  |  5 hr 09 min   0.00010000000000000002
  200.0  |  0.826  86.667  13.333  95.111  |   0.050  98.555  |  93.333   6.667  96.444  |  5 hr 11 min   0.00010000000000000002
