
----------------------------------------------- [START 2024-03-24 14:33:11] ---------------------------------------------------

** start training target model! **
--------|------------- VALID -------------|--- classifier ---|------ Current Best ------|--------------|
  iter  |   loss   top-1   HTER    AUC    |   loss   top-1   |   top-1   HTER    AUC    |    time      |
-------------------------------------------------------------------------------------------------------|
   1.0  |  0.806  69.000  31.000  71.200  |   0.788  58.000  |  69.000  31.000  71.200  |  0 hr 01 min   0.001
   2.0  |  1.334  65.000  35.000  68.960  |   0.686  63.500  |  69.000  31.000  71.200  |  0 hr 03 min   0.001
   3.0  |  1.336  72.000  28.000  75.520  |   0.637  67.417  |  72.000  28.000  75.520  |  0 hr 05 min   0.001
   4.0  |  0.620  78.000  22.000  83.520  |   0.603  69.875  |  78.000  22.000  83.520  |  0 hr 06 min   0.001
   5.0  |  0.487  86.000  14.000  92.640  |   0.578  71.550  |  86.000  14.000  92.640  |  0 hr 08 min   0.001
   6.0  |  0.747  78.000  22.000  89.040  |   0.550  73.583  |  86.000  14.000  92.640  |  0 hr 10 min   0.001
   7.0  |  0.535  86.000  14.000  90.960  |   0.507  75.964  |  86.000  14.000  90.960  |  0 hr 12 min   0.001
   8.0  |  1.434  80.000  20.000  89.520  |   0.474  78.000  |  86.000  14.000  90.960  |  0 hr 13 min   0.001
   9.0  |  0.924  76.000  24.000  85.800  |   0.447  79.667  |  86.000  14.000  90.960  |  0 hr 15 min   0.001
  10.0  |  0.988  86.000  14.000  91.440  |   0.415  81.225  |  86.000  14.000  91.440  |  0 hr 17 min   0.001
  11.0  |  1.154  74.000  26.000  80.920  |   0.390  82.455  |  86.000  14.000  91.440  |  0 hr 18 min   0.001
  12.0  |  1.103  82.000  18.000  91.320  |   0.368  83.479  |  86.000  14.000  91.440  |  0 hr 20 min   0.001
  13.0  |  0.921  82.000  18.000  90.040  |   0.350  84.404  |  86.000  14.000  91.440  |  0 hr 22 min   0.001
  14.0  |  0.701  88.000  12.000  92.560  |   0.334  85.196  |  88.000  12.000  92.560  |  0 hr 24 min   0.001
  15.0  |  0.350  86.000  14.000  93.160  |   0.320  85.950  |  88.000  12.000  92.560  |  0 hr 25 min   0.001
  16.0  |  0.341  90.000  10.000  95.880  |   0.304  86.719  |  90.000  10.000  95.880  |  0 hr 27 min   0.001
  17.0  |  0.386  84.000  16.000  92.720  |   0.291  87.319  |  90.000  10.000  95.880  |  0 hr 29 min   0.001
  18.0  |  0.653  88.000  12.000  93.000  |   0.282  87.815  |  90.000  10.000  95.880  |  0 hr 30 min   0.001
  19.0  |  0.327  89.000  11.000  94.920  |   0.271  88.352  |  90.000  10.000  95.880  |  0 hr 32 min   0.001
  20.0  |  0.523  76.000  24.000  86.640  |   0.260  88.871  |  90.000  10.000  95.880  |  0 hr 34 min   0.001
  21.0  |  0.520  86.000  14.000  95.040  |   0.252  89.270  |  90.000  10.000  95.880  |  0 hr 35 min   0.001
  22.0  |  0.504  80.000  20.000  89.000  |   0.245  89.667  |  90.000  10.000  95.880  |  0 hr 37 min   0.001
  23.0  |  0.915  88.000  12.000  95.720  |   0.238  89.997  |  90.000  10.000  95.880  |  0 hr 39 min   0.001
  24.0  |  0.963  88.000  12.000  95.400  |   0.232  90.257  |  90.000  10.000  95.880  |  0 hr 41 min   0.001
  25.0  |  0.319  90.000  10.000  96.080  |   0.226  90.537  |  90.000  10.000  96.080  |  0 hr 42 min   0.001
  26.0  |  0.605  80.000  20.000  87.400  |   0.221  90.795  |  90.000  10.000  96.080  |  0 hr 44 min   0.001
  27.0  |  0.961  90.000  10.000  96.960  |   0.216  91.071  |  90.000  10.000  96.960  |  0 hr 46 min   0.001
  28.0  |  0.755  84.000  16.000  90.520  |   0.211  91.328  |  90.000  10.000  96.960  |  0 hr 47 min   0.001
  29.0  |  0.383  86.000  14.000  94.960  |   0.206  91.549  |  90.000  10.000  96.960  |  0 hr 49 min   0.001
  30.0  |  0.275  92.000   8.000  97.360  |   0.202  91.781  |  92.000   8.000  97.360  |  0 hr 51 min   0.001
  31.0  |  0.341  90.000  10.000  96.360  |   0.198  91.982  |  92.000   8.000  97.360  |  0 hr 52 min   0.001
  32.0  |  0.588  90.000  10.000  96.240  |   0.193  92.193  |  92.000   8.000  97.360  |  0 hr 54 min   0.001
  33.0  |  0.512  90.000  10.000  97.440  |   0.189  92.353  |  92.000   8.000  97.360  |  0 hr 56 min   0.001
  34.0  |  0.314  90.000  10.000  97.320  |   0.185  92.570  |  92.000   8.000  97.360  |  0 hr 58 min   0.001
  35.0  |  0.335  92.000   8.000  97.320  |   0.181  92.761  |  92.000   8.000  97.320  |  1 hr 00 min   0.001
  36.0  |  0.306  86.000  14.000  95.000  |   0.177  92.948  |  92.000   8.000  97.320  |  1 hr 01 min   0.001
  37.0  |  0.360  86.000  14.000  95.440  |   0.173  93.105  |  92.000   8.000  97.320  |  1 hr 03 min   0.001
  38.0  |  0.505  88.000  12.000  96.720  |   0.170  93.254  |  92.000   8.000  97.320  |  1 hr 05 min   0.001
  39.0  |  0.681  86.000  14.000  94.000  |   0.167  93.401  |  92.000   8.000  97.320  |  1 hr 06 min   0.001
  40.0  |  0.180  92.000   8.000  99.000  |   0.164  93.535  |  92.000   8.000  99.000  |  1 hr 08 min   0.001
  41.0  |  0.171  94.000   6.000  98.960  |   0.161  93.680  |  94.000   6.000  98.960  |  1 hr 10 min   0.001
  42.0  |  0.284  92.000   8.000  98.000  |   0.158  93.825  |  94.000   6.000  98.960  |  1 hr 11 min   0.001
  43.0  |  0.467  90.000  10.000  96.520  |   0.155  93.945  |  94.000   6.000  98.960  |  1 hr 13 min   0.001
  44.0  |  0.236  90.000  10.000  96.360  |   0.153  94.037  |  94.000   6.000  98.960  |  1 hr 15 min   0.001
  45.0  |  0.532  90.000  10.000  97.320  |   0.150  94.164  |  94.000   6.000  98.960  |  1 hr 16 min   0.001
  46.0  |  0.307  94.000   6.000  99.200  |   0.148  94.269  |  94.000   6.000  99.200  |  1 hr 18 min   0.001
  47.0  |  0.147  96.000   4.000  98.880  |   0.146  94.370  |  96.000   4.000  98.880  |  1 hr 20 min   0.001
  48.0  |  0.405  92.000   8.000  97.400  |   0.143  94.487  |  96.000   4.000  98.880  |  1 hr 22 min   0.001
  49.0  |  0.403  90.000  10.000  96.240  |   0.141  94.585  |  96.000   4.000  98.880  |  1 hr 24 min   0.001
  50.0  |  0.186  92.000   8.000  97.640  |   0.139  94.673  |  96.000   4.000  98.880  |  1 hr 25 min   0.001
  51.0  |  0.271  92.000   8.000  97.640  |   0.137  94.758  |  96.000   4.000  98.880  |  1 hr 27 min   0.001
  52.0  |  0.271  90.000  10.000  97.280  |   0.135  94.834  |  96.000   4.000  98.880  |  1 hr 29 min   0.001
  53.0  |  0.210  96.000   4.000  99.320  |   0.133  94.918  |  96.000   4.000  99.320  |  1 hr 31 min   0.001
  54.0  |  0.152  96.000   4.000  98.960  |   0.131  94.998  |  96.000   4.000  98.960  |  1 hr 33 min   0.001
  55.0  |  0.198  98.000   2.000  99.080  |   0.129  95.080  |  98.000   2.000  99.080  |  1 hr 34 min   0.001
  56.0  |  0.230  96.000   4.000  99.200  |   0.127  95.150  |  98.000   2.000  99.080  |  1 hr 36 min   0.001
  57.0  |  0.164  98.000   2.000  99.720  |   0.126  95.222  |  98.000   2.000  99.720  |  1 hr 38 min   0.001
  58.0  |  0.145  98.000   2.000  99.320  |   0.124  95.291  |  98.000   2.000  99.320  |  1 hr 39 min   0.001
  59.0  |  0.334  90.000  10.000  97.600  |   0.122  95.367  |  98.000   2.000  99.320  |  1 hr 41 min   0.001
  60.0  |  0.621  90.000  10.000  96.560  |   0.120  95.440  |  98.000   2.000  99.320  |  1 hr 43 min   0.001
  61.0  |  0.250  94.000   6.000  98.480  |   0.119  95.506  |  98.000   2.000  99.320  |  1 hr 45 min   0.001
  62.0  |  0.222  96.000   4.000  98.800  |   0.117  95.571  |  98.000   2.000  99.320  |  1 hr 46 min   0.001
  63.0  |  0.185  96.000   4.000  99.160  |   0.116  95.637  |  98.000   2.000  99.320  |  1 hr 48 min   0.001
  64.0  |  0.602  94.000   6.000  98.320  |   0.115  95.698  |  98.000   2.000  99.320  |  1 hr 50 min   0.001
  65.0  |  0.312  88.000  12.000  97.160  |   0.113  95.745  |  98.000   2.000  99.320  |  1 hr 52 min   0.001
  66.0  |  0.458  86.000  14.000  93.280  |   0.112  95.794  |  98.000   2.000  99.320  |  1 hr 54 min   0.001
  67.0  |  0.326  90.000  10.000  97.640  |   0.111  95.842  |  98.000   2.000  99.320  |  1 hr 55 min   0.001
  68.0  |  0.335  94.000   6.000  98.360  |   0.110  95.899  |  98.000   2.000  99.320  |  1 hr 57 min   0.001
  69.0  |  0.634  94.000   6.000  98.320  |   0.108  95.955  |  98.000   2.000  99.320  |  1 hr 59 min   0.001
  70.0  |  0.636  94.000   6.000  98.360  |   0.107  96.006  |  98.000   2.000  99.320  |  2 hr 00 min   0.001
  71.0  |  0.434  92.000   8.000  98.440  |   0.106  96.058  |  98.000   2.000  99.320  |  2 hr 02 min   0.001
  72.0  |  0.124  96.000   4.000  99.360  |   0.105  96.099  |  98.000   2.000  99.320  |  2 hr 04 min   0.001
  73.0  |  0.160  98.000   2.000  99.680  |   0.104  96.142  |  98.000   2.000  99.680  |  2 hr 06 min   0.001
  74.0  |  0.177  96.000   4.000  99.040  |   0.103  96.184  |  98.000   2.000  99.680  |  2 hr 08 min   0.001
  75.0  |  0.138  98.000   2.000  99.880  |   0.102  96.232  |  98.000   2.000  99.880  |  2 hr 11 min   0.001
  76.0  |  0.128  96.000   4.000  99.520  |   0.101  96.272  |  98.000   2.000  99.880  |  2 hr 13 min   0.001
  77.0  |  0.313  96.000   4.000  99.360  |   0.100  96.314  |  98.000   2.000  99.880  |  2 hr 15 min   0.001
  78.0  |  0.159  96.000   4.000  99.360  |   0.099  96.361  |  98.000   2.000  99.880  |  2 hr 16 min   0.001
  79.0  |  0.209  94.000   6.000  99.160  |   0.098  96.394  |  98.000   2.000  99.880  |  2 hr 18 min   0.001
  80.0  |  0.260  96.000   4.000  98.680  |   0.097  96.433  |  98.000   2.000  99.880  |  2 hr 20 min   0.001
  81.0  |  0.528  94.000   6.000  98.400  |   0.096  96.474  |  98.000   2.000  99.880  |  2 hr 21 min   0.001
  82.0  |  0.157  94.000   6.000  98.840  |   0.095  96.511  |  98.000   2.000  99.880  |  2 hr 23 min   0.001
  83.0  |  0.120  96.000   4.000  98.680  |   0.094  96.553  |  98.000   2.000  99.880  |  2 hr 25 min   0.001
  84.0  |  0.222  96.000   4.000  98.440  |   0.093  96.594  |  98.000   2.000  99.880  |  2 hr 27 min   0.001
  85.0  |  0.657  90.000  10.000  97.320  |   0.093  96.631  |  98.000   2.000  99.880  |  2 hr 28 min   0.001
  86.0  |  0.514  92.000   8.000  97.200  |   0.092  96.667  |  98.000   2.000  99.880  |  2 hr 30 min   0.001
  87.0  |  0.245  92.000   8.000  98.440  |   0.091  96.697  |  98.000   2.000  99.880  |  2 hr 32 min   0.001
  88.0  |  0.232  94.000   6.000  97.920  |   0.090  96.732  |  98.000   2.000  99.880  |  2 hr 33 min   0.001
  89.0  |  0.203  94.000   6.000  98.120  |   0.089  96.760  |  98.000   2.000  99.880  |  2 hr 35 min   0.001
  90.0  |  0.184  94.000   6.000  98.320  |   0.089  96.796  |  98.000   2.000  99.880  |  2 hr 37 min   0.001
  91.0  |  0.161  94.000   6.000  98.640  |   0.088  96.828  |  98.000   2.000  99.880  |  2 hr 38 min   0.001
  92.0  |  0.217  94.000   6.000  98.240  |   0.087  96.863  |  98.000   2.000  99.880  |  2 hr 40 min   0.001
  93.0  |  0.158  96.000   4.000  98.760  |   0.086  96.891  |  98.000   2.000  99.880  |  2 hr 42 min   0.001
  94.0  |  0.163  96.000   4.000  98.680  |   0.086  96.919  |  98.000   2.000  99.880  |  2 hr 44 min   0.001
  95.0  |  0.167  96.000   4.000  98.520  |   0.085  96.949  |  98.000   2.000  99.880  |  2 hr 45 min   0.001
  96.0  |  0.141  96.000   4.000  99.040  |   0.084  96.978  |  98.000   2.000  99.880  |  2 hr 47 min   0.001
  97.0  |  0.108  98.000   2.000  99.920  |   0.084  97.007  |  98.000   2.000  99.920  |  2 hr 49 min   0.001
  98.0  |  0.280  96.000   4.000  99.160  |   0.083  97.035  |  98.000   2.000  99.920  |  2 hr 51 min   0.001
  99.0  |  0.214  96.000   4.000  99.160  |   0.082  97.060  |  98.000   2.000  99.920  |  2 hr 52 min   0.001
  100.0  |  0.262  96.000   4.000  98.960  |   0.082  97.089  |  98.000   2.000  99.920  |  2 hr 54 min   0.001
  101.0  |  0.219  96.000   4.000  99.080  |   0.081  97.113  |  98.000   2.000  99.920  |  2 hr 56 min   0.00010000000000000002
  102.0  |  0.205  96.000   4.000  98.960  |   0.081  97.139  |  98.000   2.000  99.920  |  2 hr 57 min   0.00010000000000000002
  103.0  |  0.192  96.000   4.000  99.000  |   0.080  97.161  |  98.000   2.000  99.920  |  2 hr 59 min   0.00010000000000000002
  104.0  |  0.205  96.000   4.000  98.920  |   0.080  97.186  |  98.000   2.000  99.920  |  3 hr 01 min   0.00010000000000000002
  105.0  |  0.169  96.000   4.000  99.000  |   0.079  97.208  |  98.000   2.000  99.920  |  3 hr 02 min   0.00010000000000000002
  106.0  |  0.162  96.000   4.000  98.840  |   0.079  97.235  |  98.000   2.000  99.920  |  3 hr 04 min   0.00010000000000000002
  107.0  |  0.162  96.000   4.000  99.040  |   0.078  97.260  |  98.000   2.000  99.920  |  3 hr 06 min   0.00010000000000000002
  108.0  |  0.180  96.000   4.000  99.000  |   0.077  97.283  |  98.000   2.000  99.920  |  3 hr 07 min   0.00010000000000000002
  109.0  |  0.180  96.000   4.000  98.960  |   0.077  97.308  |  98.000   2.000  99.920  |  3 hr 09 min   0.00010000000000000002
  110.0  |  0.182  96.000   4.000  99.080  |   0.076  97.333  |  98.000   2.000  99.920  |  3 hr 11 min   0.00010000000000000002
  111.0  |  0.195  96.000   4.000  99.080  |   0.076  97.355  |  98.000   2.000  99.920  |  3 hr 12 min   0.00010000000000000002
  112.0  |  0.192  96.000   4.000  99.080  |   0.075  97.378  |  98.000   2.000  99.920  |  3 hr 14 min   0.00010000000000000002
  113.0  |  0.182  96.000   4.000  99.120  |   0.075  97.401  |  98.000   2.000  99.920  |  3 hr 16 min   0.00010000000000000002
  114.0  |  0.198  96.000   4.000  99.120  |   0.075  97.420  |  98.000   2.000  99.920  |  3 hr 17 min   0.00010000000000000002
  115.0  |  0.198  94.000   6.000  99.080  |   0.074  97.440  |  98.000   2.000  99.920  |  3 hr 19 min   0.00010000000000000002
  116.0  |  0.166  96.000   4.000  99.160  |   0.074  97.462  |  98.000   2.000  99.920  |  3 hr 21 min   0.00010000000000000002
  117.0  |  0.150  96.000   4.000  99.280  |   0.073  97.484  |  98.000   2.000  99.920  |  3 hr 22 min   0.00010000000000000002
  118.0  |  0.152  96.000   4.000  99.200  |   0.073  97.505  |  98.000   2.000  99.920  |  3 hr 24 min   0.00010000000000000002
  119.0  |  0.163  96.000   4.000  99.280  |   0.072  97.526  |  98.000   2.000  99.920  |  3 hr 26 min   0.00010000000000000002
  120.0  |  0.178  96.000   4.000  99.240  |   0.072  97.547  |  98.000   2.000  99.920  |  3 hr 27 min   0.00010000000000000002
  121.0  |  0.168  96.000   4.000  99.320  |   0.072  97.565  |  98.000   2.000  99.920  |  3 hr 29 min   0.00010000000000000002
  122.0  |  0.147  98.000   2.000  99.320  |   0.071  97.583  |  98.000   2.000  99.320  |  3 hr 31 min   0.00010000000000000002
  123.0  |  0.143  97.000   3.000  99.360  |   0.071  97.602  |  98.000   2.000  99.320  |  3 hr 32 min   0.00010000000000000002
  124.0  |  0.143  98.000   2.000  99.440  |   0.070  97.620  |  98.000   2.000  99.440  |  3 hr 34 min   0.00010000000000000002
  125.0  |  0.147  96.000   4.000  99.320  |   0.070  97.639  |  98.000   2.000  99.440  |  3 hr 36 min   0.00010000000000000002
  126.0  |  0.156  96.000   4.000  99.240  |   0.070  97.658  |  98.000   2.000  99.440  |  3 hr 37 min   0.00010000000000000002
  127.0  |  0.161  96.000   4.000  99.280  |   0.069  97.676  |  98.000   2.000  99.440  |  3 hr 39 min   0.00010000000000000002
  128.0  |  0.179  96.000   4.000  99.200  |   0.069  97.694  |  98.000   2.000  99.440  |  3 hr 41 min   0.00010000000000000002
  129.0  |  0.177  96.000   4.000  99.240  |   0.069  97.712  |  98.000   2.000  99.440  |  3 hr 43 min   0.00010000000000000002
  130.0  |  0.175  96.000   4.000  99.400  |   0.068  97.728  |  98.000   2.000  99.440  |  3 hr 44 min   0.00010000000000000002
  131.0  |  0.162  96.000   4.000  99.320  |   0.068  97.745  |  98.000   2.000  99.440  |  3 hr 46 min   0.00010000000000000002
  132.0  |  0.154  96.000   4.000  99.200  |   0.068  97.762  |  98.000   2.000  99.440  |  3 hr 47 min   0.00010000000000000002
  133.0  |  0.163  96.000   4.000  99.200  |   0.067  97.779  |  98.000   2.000  99.440  |  3 hr 49 min   0.00010000000000000002
  134.0  |  0.159  96.000   4.000  99.320  |   0.067  97.796  |  98.000   2.000  99.440  |  3 hr 51 min   0.00010000000000000002
  135.0  |  0.156  96.000   4.000  99.240  |   0.067  97.810  |  98.000   2.000  99.440  |  3 hr 52 min   0.00010000000000000002
  136.0  |  0.164  96.000   4.000  99.320  |   0.066  97.826  |  98.000   2.000  99.440  |  3 hr 54 min   0.00010000000000000002
  137.0  |  0.176  96.000   4.000  99.440  |   0.066  97.840  |  98.000   2.000  99.440  |  3 hr 56 min   0.00010000000000000002
  138.0  |  0.198  96.000   4.000  99.400  |   0.066  97.856  |  98.000   2.000  99.440  |  3 hr 57 min   0.00010000000000000002
  139.0  |  0.179  96.000   4.000  99.360  |   0.065  97.871  |  98.000   2.000  99.440  |  3 hr 59 min   0.00010000000000000002
  140.0  |  0.178  96.000   4.000  99.360  |   0.065  97.886  |  98.000   2.000  99.440  |  4 hr 01 min   0.00010000000000000002
  141.0  |  0.179  96.000   4.000  99.200  |   0.065  97.901  |  98.000   2.000  99.440  |  4 hr 02 min   0.00010000000000000002
  142.0  |  0.264  96.000   4.000  99.080  |   0.065  97.916  |  98.000   2.000  99.440  |  4 hr 04 min   0.00010000000000000002
  143.0  |  0.199  96.000   4.000  99.320  |   0.064  97.931  |  98.000   2.000  99.440  |  4 hr 06 min   0.00010000000000000002
  144.0  |  0.186  96.000   4.000  99.320  |   0.064  97.945  |  98.000   2.000  99.440  |  4 hr 07 min   0.00010000000000000002
  145.0  |  0.221  96.000   4.000  99.240  |   0.064  97.959  |  98.000   2.000  99.440  |  4 hr 09 min   0.00010000000000000002
  146.0  |  0.216  96.000   4.000  99.200  |   0.063  97.973  |  98.000   2.000  99.440  |  4 hr 11 min   0.00010000000000000002
  147.0  |  0.204  96.000   4.000  99.120  |   0.063  97.987  |  98.000   2.000  99.440  |  4 hr 12 min   0.00010000000000000002
  148.0  |  0.157  96.000   4.000  99.200  |   0.063  97.999  |  98.000   2.000  99.440  |  4 hr 14 min   0.00010000000000000002
  149.0  |  0.157  96.000   4.000  99.160  |   0.063  98.012  |  98.000   2.000  99.440  |  4 hr 16 min   0.00010000000000000002
  150.0  |  0.167  96.000   4.000  99.080  |   0.062  98.026  |  98.000   2.000  99.440  |  4 hr 18 min   0.00010000000000000002
  151.0  |  0.167  96.000   4.000  99.120  |   0.062  98.039  |  98.000   2.000  99.440  |  4 hr 19 min   0.00010000000000000002
  152.0  |  0.199  96.000   4.000  99.120  |   0.062  98.052  |  98.000   2.000  99.440  |  4 hr 21 min   0.00010000000000000002
  153.0  |  0.197  96.000   4.000  99.200  |   0.062  98.064  |  98.000   2.000  99.440  |  4 hr 23 min   0.00010000000000000002
  154.0  |  0.184  96.000   4.000  99.240  |   0.061  98.077  |  98.000   2.000  99.440  |  4 hr 24 min   0.00010000000000000002
  155.0  |  0.175  96.000   4.000  99.320  |   0.061  98.089  |  98.000   2.000  99.440  |  4 hr 26 min   0.00010000000000000002
  156.0  |  0.156  96.000   4.000  99.400  |   0.061  98.100  |  98.000   2.000  99.440  |  4 hr 28 min   0.00010000000000000002
  157.0  |  0.184  96.000   4.000  99.240  |   0.061  98.112  |  98.000   2.000  99.440  |  4 hr 29 min   0.00010000000000000002
  158.0  |  0.188  96.000   4.000  99.240  |   0.061  98.124  |  98.000   2.000  99.440  |  4 hr 31 min   0.00010000000000000002
  159.0  |  0.196  96.000   4.000  99.240  |   0.060  98.136  |  98.000   2.000  99.440  |  4 hr 33 min   0.00010000000000000002
  160.0  |  0.258  94.000   6.000  99.080  |   0.060  98.146  |  98.000   2.000  99.440  |  4 hr 34 min   0.00010000000000000002
  161.0  |  0.223  94.000   6.000  99.160  |   0.060  98.157  |  98.000   2.000  99.440  |  4 hr 36 min   0.00010000000000000002
  162.0  |  0.159  96.000   4.000  99.280  |   0.060  98.167  |  98.000   2.000  99.440  |  4 hr 38 min   0.00010000000000000002
  163.0  |  0.147  98.000   2.000  99.480  |   0.060  98.178  |  98.000   2.000  99.480  |  4 hr 39 min   0.00010000000000000002
  164.0  |  0.149  98.000   2.000  99.440  |   0.059  98.189  |  98.000   2.000  99.440  |  4 hr 41 min   0.00010000000000000002
  165.0  |  0.136  98.000   2.000  99.560  |   0.059  98.200  |  98.000   2.000  99.560  |  4 hr 43 min   0.00010000000000000002
  166.0  |  0.156  96.000   4.000  99.480  |   0.059  98.211  |  98.000   2.000  99.560  |  4 hr 44 min   0.00010000000000000002
  167.0  |  0.179  96.000   4.000  99.320  |   0.059  98.221  |  98.000   2.000  99.560  |  4 hr 46 min   0.00010000000000000002
  168.0  |  0.156  98.000   2.000  99.440  |   0.059  98.231  |  98.000   2.000  99.440  |  4 hr 48 min   0.00010000000000000002
  169.0  |  0.171  98.000   2.000  99.360  |   0.058  98.242  |  98.000   2.000  99.360  |  4 hr 49 min   0.00010000000000000002
  170.0  |  0.176  96.000   4.000  99.400  |   0.058  98.252  |  98.000   2.000  99.360  |  4 hr 51 min   0.00010000000000000002
  171.0  |  0.167  96.000   4.000  99.440  |   0.058  98.262  |  98.000   2.000  99.360  |  4 hr 53 min   0.00010000000000000002
  172.0  |  0.157  96.000   4.000  99.520  |   0.058  98.272  |  98.000   2.000  99.360  |  4 hr 54 min   0.00010000000000000002
  173.0  |  0.169  96.000   4.000  99.480  |   0.058  98.281  |  98.000   2.000  99.360  |  4 hr 56 min   0.00010000000000000002
  174.0  |  0.205  96.000   4.000  99.200  |   0.058  98.291  |  98.000   2.000  99.360  |  4 hr 58 min   0.00010000000000000002
  175.0  |  0.229  96.000   4.000  99.160  |   0.057  98.299  |  98.000   2.000  99.360  |  5 hr 00 min   0.00010000000000000002
  176.0  |  0.187  96.000   4.000  99.280  |   0.057  98.309  |  98.000   2.000  99.360  |  5 hr 01 min   0.00010000000000000002
  177.0  |  0.148  96.000   4.000  99.480  |   0.057  98.318  |  98.000   2.000  99.360  |  5 hr 03 min   0.00010000000000000002
  178.0  |  0.157  96.000   4.000  99.360  |   0.057  98.328  |  98.000   2.000  99.360  |  5 hr 05 min   0.00010000000000000002
  179.0  |  0.201  96.000   4.000  99.080  |   0.057  98.337  |  98.000   2.000  99.360  |  5 hr 06 min   0.00010000000000000002
  180.0  |  0.219  96.000   4.000  99.000  |   0.057  98.346  |  98.000   2.000  99.360  |  5 hr 08 min   0.00010000000000000002
  181.0  |  0.194  96.000   4.000  99.040  |   0.057  98.355  |  98.000   2.000  99.360  |  5 hr 10 min   0.00010000000000000002
  182.0  |  0.176  96.000   4.000  99.120  |   0.056  98.364  |  98.000   2.000  99.360  |  5 hr 12 min   0.00010000000000000002
  183.0  |  0.181  96.000   4.000  99.120  |   0.056  98.371  |  98.000   2.000  99.360  |  5 hr 13 min   0.00010000000000000002
  184.0  |  0.215  96.000   4.000  99.120  |   0.056  98.379  |  98.000   2.000  99.360  |  5 hr 15 min   0.00010000000000000002
  185.0  |  0.164  96.000   4.000  99.400  |   0.056  98.388  |  98.000   2.000  99.360  |  5 hr 17 min   0.00010000000000000002
  186.0  |  0.169  96.000   4.000  99.480  |   0.056  98.397  |  98.000   2.000  99.360  |  5 hr 18 min   0.00010000000000000002
  187.0  |  0.208  96.000   4.000  99.280  |   0.056  98.406  |  98.000   2.000  99.360  |  5 hr 20 min   0.00010000000000000002
  188.0  |  0.158  96.000   4.000  99.320  |   0.056  98.414  |  98.000   2.000  99.360  |  5 hr 22 min   0.00010000000000000002
  189.0  |  0.112  98.000   2.000  99.800  |   0.055  98.422  |  98.000   2.000  99.800  |  5 hr 24 min   0.00010000000000000002
  190.0  |  0.168  96.000   4.000  99.360  |   0.055  98.431  |  98.000   2.000  99.800  |  5 hr 26 min   0.00010000000000000002
  191.0  |  0.259  96.000   4.000  99.040  |   0.055  98.439  |  98.000   2.000  99.800  |  5 hr 27 min   0.00010000000000000002
  192.0  |  0.163  96.000   4.000  99.120  |   0.055  98.446  |  98.000   2.000  99.800  |  5 hr 29 min   0.00010000000000000002
  193.0  |  0.162  96.000   4.000  99.160  |   0.055  98.454  |  98.000   2.000  99.800  |  5 hr 31 min   0.00010000000000000002
  194.0  |  0.183  96.000   4.000  99.000  |   0.055  98.462  |  98.000   2.000  99.800  |  5 hr 33 min   0.00010000000000000002
  195.0  |  0.179  96.000   4.000  99.280  |   0.055  98.470  |  98.000   2.000  99.800  |  5 hr 34 min   0.00010000000000000002
  196.0  |  0.178  96.000   4.000  99.200  |   0.055  98.477  |  98.000   2.000  99.800  |  5 hr 36 min   0.00010000000000000002
  197.0  |  0.204  94.000   6.000  98.840  |   0.054  98.484  |  98.000   2.000  99.800  |  5 hr 38 min   0.00010000000000000002
  198.0  |  0.180  96.000   4.000  99.000  |   0.054  98.492  |  98.000   2.000  99.800  |  5 hr 39 min   0.00010000000000000002
  199.0  |  0.168  96.000   4.000  99.200  |   0.054  98.499  |  98.000   2.000  99.800  |  5 hr 41 min   0.00010000000000000002
  200.0  |  0.168  96.000   4.000  99.280  |   0.054  98.507  |  98.000   2.000  99.800  |  5 hr 43 min   0.00010000000000000002
